0.000000000000
0.049453719923
0.098786418306
0.147877369769
0.196606440529
0.244854382384
0.292503124533
0.339436062522
0.385538343587
0.430697147719
0.474801963758
0.517744859829
0.559420747468
0.599727638795
0.638566896093
0.675843473191
0.711466148057
0.745347746038
0.777405353186
0.807560519163
0.835739449225
0.861873184810
0.885897772285
0.907754419461
0.927389639458
0.944755381604
0.959809149017
0.972514102606
0.982839151219
0.990759027734
0.996254350886
0.999311672696
0.999923511388
0.998088369689
0.993810738497
0.987101085895
0.977975831525
0.966457306414
0.952573698324
0.936358982771
0.917852839879
0.897100557282
0.874152919293
0.849066082627
0.821901438978
0.792725464780
0.761609558532
0.728629866070
0.693867094229
0.657406313335
0.619336749030
0.579751563917
0.538747629578
0.496425289510
0.452888113572
0.408242644529
0.362598137324
0.316066291717
0.268760978930
0.220797962992
0.172294617438
0.123369638083
0.074142752551
0.024734427280
-0.024734427280
-0.074142752552
-0.123369638084
-0.172294617438
-0.220797962992
-0.268760978931
-0.316066291718
-0.362598137325
-0.408242644529
-0.452888113572
-0.496425289510
-0.538747629578
-0.579751563918
-0.619336749031
-0.657406313336
-0.693867094229
-0.728629866071
-0.761609558533
-0.792725464781
-0.821901438978
-0.849066082627
-0.874152919293
-0.897100557282
-0.917852839879
-0.936358982771
-0.952573698325
-0.966457306414
-0.977975831525
-0.987101085895
-0.993810738497
-0.998088369689
-0.999923511388
-0.999311672696
-0.996254350886
-0.990759027734
-0.982839151219
-0.972514102605
-0.959809149017
-0.944755381604
-0.927389639458
-0.907754419461
-0.885897772285
-0.861873184809
-0.835739449225
-0.807560519163
-0.777405353185
-0.745347746038
-0.711466148057
-0.675843473191
-0.638566896093
-0.599727638795
-0.559420747468
-0.517744859828
-0.474801963758
-0.430697147718
-0.385538343586
-0.339436062522
-0.292503124533
-0.244854382383
-0.196606440529
-0.147877369769
-0.098786418305
-0.049453719922
0.000000000000
